    1.03333330D+00   1.73333335D+00   2.43333340D+00   3.13333321D+00   3.83333349D+00
    1.86666667D+00   3.06666660D+00   4.26666641D+00   5.46666670D+00   6.66666698D+00
    2.70000005D+00   4.40000010D+00   6.09999990D+00   7.80000019D+00   9.50000000D+00
    3.53333330D+00   5.73333359D+00   7.93333340D+00   1.01333332D+01   1.23333340D+01
    4.36666679D+00   7.06666660D+00   9.76666641D+00   1.24666672D+01   1.51666660D+01

    1.03333330D+00   1.73333335D+00   2.43333340D+00   3.13333321D+00   3.83333349D+00
    1.86666667D+00   3.06666660D+00   4.26666641D+00   5.46666670D+00   6.66666698D+00
    2.70000005D+00   4.40000010D+00   6.09999990D+00   7.80000019D+00   9.50000000D+00
    3.53333330D+00   5.73333359D+00   7.93333340D+00   1.01333332D+01   1.23333340D+01
    4.36666679D+00   7.06666660D+00   9.76666641D+00   1.24666672D+01   1.51666660D+01

  0.103D+01 0.187D+01 0.270D+01 0.353D+01 0.437D+01 0.173D+01 0.307D+01 0.440D+01 0.573D+01 0.707D+01 0.243D+01 0.427D+01 0.610D+01 0.793D+01 0.977D+01 0.313D+01 0.547D+01 0.780D+01 0.101D+02 0.125D+02 0.383D+01 0.667D+01 0.950D+01 0.123D+02 0.152D+02
    1.11847201D+06   2.79620267D+06  -6.71090269D+06   5.59248666D+05   2.23696801D+06
   -3.63506402D+06  -2.79620267D+06   1.20236707D+07  -1.11848067D+06  -4.47392402D+06
    3.63506401D+06  -1.39810133D+06  -5.73221469D+06   1.11848067D+06   2.37677201D+06
   -8.38858003D+05  -1.89345045D-03   2.23696701D+06  -1.11848350D+06  -2.79622004D+05
   -2.79619998D+05   1.39810133D+06  -1.81753134D+06   5.59240332D+05   1.39810003D+05

    1.00000000D+00  -3.72529030D-09   3.72529030D-09   3.72529030D-09   0.00000000D+00
   -3.72529030D-09   1.00000000D+00   0.00000000D+00  -7.45058060D-09  -1.49011612D-08
    3.72529030D-09   3.72529030D-09   9.99999996D-01  -3.72529030D-09   0.00000000D+00
   -4.65661287D-10  -2.32830644D-10  -4.65661287D-10   9.99999997D-01   9.31322575D-10
   -4.65661287D-10  -1.97906047D-09  -1.39698386D-09   0.00000000D+00   9.99999998D-01
